ISS (ZARYA)             
1 25544U 98067A   19236.87277476 -.00001315  00000-0 -14732-4 0  9992
2 25544  51.6449  20.5336 0007715 323.2563 136.8812 15.50387883185915
ALTAIR PATHFINDER       
1 42711U 98067LS  19236.58104116  .00035550  00000-0  14873-3 0  9996
2 42711  51.6327 301.7410 0004148  23.1550 336.9640 15.85243499129687
NSIGHT                  
1 42726U 98067MF  19236.63351310  .00015514  00000-0  11300-3 0  9998
2 42726  51.6356 325.7601 0004672  59.4692 300.6767 15.73519410128351
KESTREL EYE IIM (KE2M)  
1 42982U 98067NE  19236.72984642  .00005229  00000-0  61038-4 0  9998
2 42982  51.6382 353.5094 0004365  38.1890 321.9413 15.63522178104400
ASTERIA                 
1 43020U 98067NH  19236.49804930  .00018194  00000-0  13580-3 0  9990
2 43020  51.6437 337.8668 0002700  22.8109 337.3009 15.72804177100366
DELLINGR (RBLE)         
1 43021U 98067NJ  19236.88681006  .00005613  00000-0  64101-4 0  9999
2 43021  51.6392 352.3540 0002346   9.0621 351.0416 15.63924547100202
1KUNS-PF                
1 43466U 98067NP  19236.74344667  .00015189  00000-0  13838-3 0  9995
2 43466  51.6374 353.6023 0001190  11.2095 348.8928 15.68137891 73430
UBAKUSAT                
1 43467U 98067NQ  19236.72248738  .00008293  00000-0  91896-4 0  9995
2 43467  51.6380 359.4727 0002223 335.7166  24.3723 15.63943421 73364
BATSU-CS1 (IRAZU)       
1 43468U 98067NR  19236.40369001  .00022151  00000-0  17107-3 0  9999
2 43468  51.6361 350.5398 0001474   4.7922 355.3090 15.71844014173430
CUBERRT                 
1 43546U 98067NU  19236.40940880  .00005198  00000-0  55016-4 0  9990
2 43546  51.6387   1.1309 0004298  33.2598 326.8667 15.66087331 63446
TEMPEST-D               
1 43547U 98067NV  19235.78482124  .00002657  00000-0  40629-4 0  9994
2 43547  51.6399  14.9692 0005623  18.1760 341.9432 15.58508856 62889
RAINCUBE                
1 43548U 98067NW  19236.39238762  .00008199  00000-0  95796-4 0  9992
2 43548  51.6375   6.2513 0005398  28.6301 331.4989 15.62580043 63500
HALOSAT                 
1 43549U 98067NX  19235.75970924  .00008655  00000-0  10117-3 0  9995
2 43549  51.6382   9.5433 0005363  30.2818 329.8485 15.62481902 62965
RADIX                   
1 43550U 98067NY  19236.52529047  .00019106  00000-0  16998-3 0  9995
2 43550  51.6354 358.0813 0004039  41.4242 318.7060 15.68521117 63645
ENDUROSAT ONE           
1 43551U 98067NZ  19236.73299595  .00010766  00000-0  11582-3 0  9998
2 43551  51.6379   1.7935 0005714  38.8969 321.2436 15.64323112 63565
EQUISAT                 
1 43552U 98067PA  19236.45131858  .00008069  00000-0  93497-4 0  9994
2 43552  51.6395   5.1924 0006103  37.0351 323.1064 15.62823133 63451
1998-067PB              
1 43553U 98067PB  19236.42378831  .00006247  00000-0  77824-4 0  9998
2 43553  51.6412   7.2960 0006352  36.0113 324.1308 15.61394652 63478
1998-067PC              
1 43554U 98067PC  19236.75414887  .00011786  00000-0  12443-3 0  9996
2 43554  51.6379   1.1836 0005802  38.1312 322.0093 15.64692644 63113
AEROCUBE 12A            
1 43556U 18046C   19236.45941826 -.00000091  00000-0  94118-5 0  9991
2 43556  51.6426  96.3461 0007909 312.7071  47.3243 15.28843509 61773
AEROCUBE 12B            
1 43557U 18046D   19236.80570692  .00000786  00000-0  40406-4 0  9990
2 43557  51.6428  94.9033 0007994 313.4844  46.5471 15.28701379 61777
LEMUR-2-VU              
1 43558U 18046E   19235.82789689  .00001623  00000-0  68218-4 0  9992
2 43558  51.6425  98.1652 0007253 313.3258  46.7117 15.29556733 61686
LEMUR-2-ALEXANDER       
1 43559U 18046F   19236.86136287  .00001089  00000-0  49710-4 0  9990
2 43559  51.6427  93.0693 0007341 317.9550  42.0866 15.29659182 61627
LEMUR-2-YUASA           
1 43560U 18046G   19236.48607117  .00001614  00000-0  67976-4 0  9993
2 43560  51.6423  95.0517 0007745 330.1804  29.8734 15.29518631 61786
LEMUR-2-TOMHENDERSON    
1 43561U 18046H   19236.48436872  .00001455  00000-0  62576-4 0  9996
2 43561  51.6424  95.0422 0007710 330.6682  29.3865 15.29478372 61343
SIRIUSSAT-1             
1 43595U 98067PG  19236.45201111  .00008654  00000-0  10205-3 0  9996
2 43595  51.6370   7.3838 0003478   6.5173 353.5866 15.62256619 58274
SIRIUSSAT-2             
1 43596U 98067PH  19236.87308123  .00008529  00000-0  10128-3 0  9999
2 43596  51.6379   5.7377 0004021   7.6081 352.4974 15.62096019 58330
TANUSHA-3               
1 43597U 98067PJ  19236.54259352  .00011631  00000-0  12638-3 0  9999
2 43597  51.6362   4.9577 0003594  19.7824 340.3310 15.63976573 58310
1998-067PK              
1 43598U 98067PK  19236.53242580  .00012309  00000-0  13226-3 0  9991
2 43598  51.6370   4.9152 0003777  17.7016 342.4110 15.64197654 58310
1998-067PN              
1 43638U 98067PN  19235.78902594  .00004695  00000-0  66536-4 0  9992
2 43638  51.6392  16.4957 0002621 356.4817   3.6157 15.58594353 50015
1998-067PP              
1 43639U 98067PP  19236.64675334  .00007116  00000-0  91838-4 0  9992
2 43639  51.6394  10.2352 0005134 356.4192   3.6764 15.60196825 50184
STARS-ME                
1 43640U 98067PQ  19235.77518033  .00005579  00000-0  75892-4 0  9992
2 43640  51.6381  15.6467 0005202 349.6119  10.4765 15.59281271 50036
ISS DEB (SEDA-AP)       
1 43870U 98067PU  19236.68675886  .00001653  00000-0  30603-4 0  9998
2 43870  51.6419  16.4969 0004125  25.4929 334.6251 15.55649002 38268
CATSAT-2                
1 44029U 98067PV  19236.43239540  .00006363  00000-0  92060-4 0  9999
2 44029  51.6405  17.0608 0005068  42.0972 318.0408 15.57319407 31973
DELPHINI                
1 44030U 98067PW  19236.80509854  .00007181  00000-0  10232-3 0  9999
2 44030  51.6389  15.0329 0004740  39.9871 320.1470 15.57504848 32006
UNITE                   
1 44031U 98067PX  19236.43670104  .00004210  00000-0  65583-4 0  9996
2 44031  51.6401  17.8273 0003507  38.5458 321.5784 15.56287699 31931
TECHEDSAT 8             
1 44032U 98067PY  19235.93709079  .00017591  00000-0  20351-3 0  9994
2 44032  51.6384  15.9866 0003331  29.5535 330.5646 15.61945024 31891
CATSAT-1                
1 44033U 98067PZ  19236.43211151  .00006161  00000-0  89312-4 0  9994
2 44033  51.6405  17.0596 0004920  42.8458 317.2917 15.57331771 31881
SOYUZ-MS 12             
1 44069U 19013A   19235.51414068 -.00060555  00000-0 -10466-2 0  9998
2 44069  51.6440  27.2687 0008313 320.3154 111.7109 15.50347949 25105
CYGNUS NG-11            
1 44188U 19022A   19236.50766130 -.00000100  00000-0  89761-5 0  9996
2 44188  51.6426  25.0127 0012755 323.4342  36.5766 15.30438773 19935
ISS DEB                 
1 44303U 98067QA  19236.49515383  .00002172  00000-0  43198-4 0  9994
2 44303  51.6430  21.9810 0005596 305.2542  54.7924 15.51906225 13452
ISS DEB                 
1 44304U 98067QB  19236.46249954  .00006661  00000-0  11261-3 0  9992
2 44304  51.6422  21.7680 0006051 283.8566  76.1750 15.52886909 13464
ISS DEB                 
1 44305U 98067QC  19236.04862061  .00007097  00000-0  11701-3 0  9990
2 44305  51.6396  23.4774 0004956 336.6840  23.3924 15.53479700 13401
ISS DEB                 
1 44306U 98067QD  19236.43840782  .00002120  00000-0  42555-4 0  9994
2 44306  51.6419  22.3416 0006996 300.4336  59.5962 15.51773934 13456
NEPALISAT-1             
1 44329U 98067QE  19236.47487853  .00004340  00000-0  76740-4 0  9998
2 44329  51.6418  21.8395 0007017 334.9711  25.0938 15.52609586 10634
RAAVANA-1               
1 44330U 98067QF  19236.79836411  .00004392  00000-0  77666-4 0  9998
2 44330  51.6418  20.2497 0006962 334.7262  25.3387 15.52573139 10667
UGUISU                  
1 44331U 98067QG  19236.47334352  .00004359  00000-0  76944-4 0  9992
2 44331  51.6419  21.8295 0007007 335.9534  24.1128 15.52644332 10628
SPOOQY-1                
1 44332U 98067QH  19235.82811742  .00004221  00000-0  74684-4 0  9991
2 44332  51.6417  25.0189 0005747 336.2795  23.7930 15.52672975 10481
RED-EYE                 
1 44364U 98067QJ  19236.57485607  .00001882  00000-0  38776-4 0  9998
2 44364  51.6451  21.7495 0006714 301.7678  58.2659 15.51661175  9050
IOD-1 GEMS              
1 44385U 98067QK  19236.81937194  .00007405  00000-0  12720-3 0  9998
2 44385  51.6428  20.3951 0003297 297.9033  62.1623 15.52248973  8145
SWIATOWID               
1 44426U 98067QL  19236.43585824  .00006635  00000-0  11485-3 0  9992
2 44426  51.6427  22.3330 0004057 292.1929  67.8630 15.52225851  8105
KRAKSAT                 
1 44427U 98067QM  19236.85406527  .00003416  00000-0  63463-4 0  9999
2 44427  51.6452  20.3010 0003198 283.8625 230.8400 15.51934453  8204
VCC A                   
1 44428U 98067QN  19235.72483261  .00004410  00000-0  79024-4 0  9990
2 44428  51.6430  25.8343 0002949 308.5343  51.5382 15.52179879  8037
VCC B                   
1 44429U 98067QP  19236.43146420  .00004975  00000-0  87902-4 0  9993
2 44429  51.6429  22.3039 0002836 303.1904  56.8814 15.52270566  8144
VCC C                   
1 44430U 98067QQ  19235.72475555  .00006183  00000-0  10757-3 0  9996
2 44430  51.6429  25.8340 0003025 309.2483  50.8238 15.52222152  6868
ENTRYSAT                
1 44431U 98067QR  19235.79017192  .00004492  00000-0  80427-4 0  9996
2 44431  51.6432  25.5209 0003102 307.5762  52.4946 15.52155728  7983
SOYUZ-MS 13             
1 44437U 19041A   19235.51414068 -.00060555  00000-0 -10466-2 0  9998
2 44437  51.6440  27.2687 0008313 320.3154 111.7109 15.50347949  5258
DRAGON CRS-18           
1 44446U 19044A   19235.51414068 -.00060555  00000-0 -10466-2 0  9991
2 44446  51.6440  27.2687 0008313 320.3154 111.7109 15.50347949  4448
DRAGON CRS-18 DEB       
1 44447U 19044B   19214.25246908  .12456336  12273-4  14390-2 0  9992
2 44447  51.6262 129.8077 0018564  89.2912 271.2006 16.35323463  1180
DRAGON CRS-18 DEB       
1 44448U 19044C   19214.94551617  .16700188  12453-4  45140-3 0  9994
2 44448  51.6395 126.1250 0018701  98.8567 318.3032 16.43675190  1296
PROGRESS-MS 12          
1 44455U 19047A   19235.51414068 -.00060555  00000-0 -10466-2 0  9994
2 44455  51.6440  27.2687 0008313 320.3154 111.7109 15.50347949  3560
SL-4 R/B                
1 44456U 19047B   19216.00636506  .31839060  12737-4  13947-3 0  9990
2 44456  51.6509 121.9082 0007228 170.9440 309.9675 16.56069092   573
