ISS (ZARYA)             
1 25544U 98067A   19245.83243262  .00000555  00000-0  17546-4 0  9993
2 25544  51.6458 336.1206 0007773 359.1021 101.7957 15.50419153187300
ALTAIR PATHFINDER       
1 42711U 98067LS  19245.46740431  .00079905  00000-0  31419-3 0  9996
2 42711  51.6311 255.3129 0004201  58.3023 301.8390 15.86180721131096
NSIGHT                  
1 42726U 98067MF  19245.52386169  .00037682  00000-0  26289-3 0  9998
2 42726  51.6342 280.1263 0004927  87.8515 272.3048 15.73920679129751
KESTREL EYE IIM (KE2M)  
1 42982U 98067NE  19245.67768665  .00010858  00000-0  11982-3 0  9993
2 42982  51.6368 308.2676 0004652  66.7009 293.4475 15.63660248105802
ASTERIA                 
1 43020U 98067NH  19245.39232390  .00040443  00000-0  29012-3 0  9993
2 43020  51.6416 292.2675 0003075  50.5841 309.5429 15.73243905101761
DELLINGR (RBLE)         
1 43021U 98067NJ  19245.76843666  .00012463  00000-0  13450-3 0  9999
2 43021  51.6376 307.4210 0002803  37.7449 322.3742 15.64072877101590
1KUNS-PF                
1 43466U 98067NP  19245.60063230  .00033987  00000-0  29798-3 0  9992
2 43466  51.6359 308.5030 0001784  34.0342 326.0769 15.68521232 74828
UBAKUSAT                
1 43467U 98067NQ  19245.66773212  .00019008  00000-0  20129-3 0  9994
2 43467  51.6367 314.2135 0002787  10.6614 349.4439 15.64163043 74768
BATSU-CS1 (IRAZU)       
1 43468U 98067NR  19245.17603573  .00057571  00000-0  42552-3 0  9994
2 43468  51.6345 305.6194 0002113  30.7631 329.3490 15.72388491174815
CUBERRT                 
1 43546U 98067NU  19245.66161650  .00012424  00000-0  12318-3 0  9995
2 43546  51.6377 314.1716 0004560  62.8725 297.2735 15.66230663 64891
TEMPEST-D               
1 43547U 98067NV  19245.21027661  .00005767  00000-0  80170-4 0  9994
2 43547  51.6389 327.6692 0005967  49.7778 310.3736 15.58616192 64356
RAINCUBE                
1 43548U 98067NW  19245.79303286  .00017786  00000-0  19875-3 0  9995
2 43548  51.6364 318.7841 0005838  58.5996 301.5569 15.62824545 64976
HALOSAT                 
1 43549U 98067NX  19245.48070237  .00020632  00000-0  23034-3 0  9995
2 43549  51.6375 320.4669 0005704  60.9657 299.1908 15.62735240 64488
RADIX                   
1 43550U 98067NY  19244.80684411  .00048318  00000-0  41334-3 0  9991
2 43550  51.6344 315.8861 0004456  63.3766 296.7687 15.68948671 64947
ENDUROSAT ONE           
1 43551U 98067NZ  19245.22880977  .00026959  00000-0  27801-3 0  9994
2 43551  51.6371 318.7833 0005988  66.1103 294.0519 15.64587548 64893
EQUISAT                 
1 43552U 98067PA  19245.21116586  .00022268  00000-0  24514-3 0  9999
2 43552  51.6386 320.9469 0006358  66.0525 294.1135 15.63038231 64826
1998-067PB              
1 43553U 98067PB  19245.51174234  .00015256  00000-0  17979-3 0  9993
2 43553  51.6405 321.4938 0006592  66.1501 294.0184 15.61572449 64893
1998-067PC              
1 43554U 98067PC  19245.56720517  .00025501  00000-0  25919-3 0  9997
2 43554  51.6368 316.5423 0006082  65.8306 294.3325 15.64988353 64493
AEROCUBE 12A            
1 43556U 18046C   19244.89167754  .00002016  00000-0  83371-4 0  9994
2 43556  51.6427  55.8882 0008045 343.1111  16.9600 15.28864018 63067
AEROCUBE 12B            
1 43557U 18046D   19245.50022518  .00000847  00000-0  42521-4 0  9994
2 43557  51.6428  53.1962 0008135 346.1067  13.9687 15.28717743 63101
LEMUR-2-VU              
1 43558U 18046E   19245.04020392  .00001200  00000-0  53648-4 0  9998
2 43558  51.6427  53.9159 0007432 348.0336  12.0467 15.29583002 63090
LEMUR-2-ALEXANDER       
1 43559U 18046F   19244.89711508  .00001846  00000-0  75612-4 0  9998
2 43559  51.6428  54.4655 0007439 347.6602  12.4195 15.29681788 62852
LEMUR-2-YUASA           
1 43560U 18046G   19245.50258884  .00001238  00000-0  55001-4 0  9997
2 43560  51.6429  51.7453 0007951   3.2229 356.8801 15.29547566 63169
LEMUR-2-TOMHENDERSON    
1 43561U 18046H   19245.76248066  .00001196  00000-0  53637-4 0  9993
2 43561  51.6430  50.4822 0007899   4.6275 355.4777 15.29506524 62766
SIRIUSSAT-1             
1 43595U 98067PG  19245.15104977  .00023050  00000-0  25919-3 0  9990
2 43595  51.6362 323.4802 0003949  35.3298 324.7957 15.62481050 59630
SIRIUSSAT-2             
1 43596U 98067PH  19245.12524341  .00023142  00000-0  26188-3 0  9990
2 43596  51.6373 324.1008 0004487  35.1024 325.0265 15.62311769 59626
TANUSHA-3               
1 43597U 98067PJ  19245.80685904  .00025093  00000-0  26222-3 0  9995
2 43597  51.6352 318.0780 0004119  47.4588 312.6754 15.64304226 59768
1998-067PK              
1 43598U 98067PK  19245.47596571  .00031471  00000-0  32435-3 0  9990
2 43598  51.6364 319.6439 0004286  44.7029 315.4311 15.64525049 59718
1998-067PN              
1 43638U 98067PN  19245.66279386  .00011524  00000-0  15292-3 0  9997
2 43638  51.6383 326.9395 0003161  29.9931 330.1242 15.58738077 51555
1998-067PP              
1 43639U 98067PP  19245.48548543  .00016308  00000-0  20071-3 0  9998
2 43639  51.6390 325.7673 0005635  27.4999 332.6292 15.60379963 51566
STARS-ME                
1 43640U 98067PQ  19245.64454133  .00012925  00000-0  16620-3 0  9995
2 43640  51.6377 326.0602 0005719  25.0846 335.0424 15.59443211 51578
ISS DEB (SEDA-AP)       
1 43870U 98067PU  19245.68012319  .00003329  00000-0  54430-4 0  9990
2 43870  51.6434 331.5571 0005253  56.9441 303.2119 15.55701857 39663
CATSAT-2                
1 44029U 98067PV  19245.86487347  .00014686  00000-0  20180-3 0  9996
2 44029  51.6400 329.8089 0005157  71.4941 288.6611 15.57538135 33449
DELPHINI                
1 44030U 98067PW  19245.46663382  .00017009  00000-0  23130-3 0  9999
2 44030  51.6383 331.6304 0004965  66.5429 293.6084 15.57689992 33352
UNITE                   
1 44031U 98067PX  19245.61883564  .00010377  00000-0  15074-3 0  9992
2 44031  51.6395 331.9028 0003766  65.2939 294.8444 15.56415373 33365
TECHEDSAT 8             
1 44032U 98067PY  19245.85259986  .00035458  00000-0  39488-3 0  9996
2 44032  51.6377 325.9590 0003871  53.5303 306.6048 15.62484835 33442
CATSAT-1                
1 44033U 98067PZ  19245.86458514  .00014756  00000-0  20278-3 0  9991
2 44033  51.6401 329.8078 0005062  71.1697 288.9844 15.57532624 33351
SOYUZ-MS 12             
1 44069U 19013A   19244.56006944  .00070108  00000-0  12058-2 0  9995
2 44069  51.6439 342.4273 0007744 352.8735 201.6312 15.50430834 26515
CYGNUS NG-11            
1 44188U 19022A   19244.86580237  .00000044  00000-0  13800-4 0  9992
2 44188  51.6404 344.7984 0013101 353.4390   6.6417 15.30468659 21216
ISS DEB                 
1 44303U 98067QA  19244.86628324  .00006048  00000-0  10633-3 0  9997
2 44303  51.6429 340.3912 0005938 338.6071  21.4670 15.51966462 14750
ISS DEB                 
1 44304U 98067QB  19245.08548799  .00018269  00000-0  29347-3 0  9990
2 44304  51.6423 338.8606 0006417 320.0016  40.0501 15.53062330 14803
ISS DEB                 
1 44305U 98067QC  19245.50442524  .00019889  00000-0  31147-3 0  9997
2 44305  51.6395 336.3790 0005536  11.2242 348.8871 15.53710559 14879
ISS DEB                 
1 44306U 98067QD  19245.13223650  .00006564  00000-0  11523-3 0  9996
2 44306  51.6417 339.1559 0007322 334.7725  25.2906 15.51838964 14800
NEPALISAT-1             
1 44329U 98067QE  19245.67878377  .00011228  00000-0  18548-3 0  9999
2 44329  51.6415 336.0612 0007510   8.8063 351.3058 15.52740832 12066
RAAVANA-1               
1 44330U 98067QF  19245.48758508  .00010941  00000-0  18123-3 0  9993
2 44330  51.6416 337.0339 0007478   6.8858 353.2233 15.52696458 12014
UGUISU                  
1 44331U 98067QG  19245.16217434  .00012192  00000-0  20056-3 0  9995
2 44331  51.6420 338.6112 0007515   8.0203 352.0906 15.52764181 11973
SPOOQY-1                
1 44332U 98067QH  19245.80394580  .00011016  00000-0  18171-3 0  9994
2 44332  51.6413 335.3957 0006279  12.9952 347.1198 15.52812992 12038
RED-EYE                 
1 44364U 98067QJ  19245.20491185  .00004380  00000-0  79789-4 0  9991
2 44364  51.6427 338.8841 0007750 341.6669  18.4109 15.51723650 10398
IOD-1 GEMS              
1 44385U 98067QK  19245.83205524  .00016481  00000-0  27129-3 0  9998
2 44385  51.6429 335.5906 0003821 336.8513  23.2305 15.52474509  9542
SWIATOWID               
1 44426U 98067QL  19245.77062327  .00016433  00000-0  27095-3 0  9998
2 44426  51.6426 335.9292 0004480 330.7678  29.3061 15.52429629  9554
KRAKSAT                 
1 44427U 98067QM  19245.67437941  .00006369  00000-0  11134-3 0  9990
2 44427  51.6455 336.4740 0003363 335.6611 171.6982 15.52028161  9572
VCC A                   
1 44428U 98067QN  19244.67379736  .00011345  00000-0  19047-3 0  9998
2 44428  51.6429 341.3540 0003373 346.0115  14.0781 15.52290513  9426
VCC B                   
1 44429U 98067QP  19245.50858559  .00012878  00000-0  21418-3 0  9994
2 44429  51.6426 337.1799 0003245 340.4726  19.6139 15.52416628  9556
VCC C                   
1 44430U 98067QQ  19245.51025029  .00015281  00000-0  25281-3 0  9998
2 44430  51.6429 337.1908 0003531 349.8975  10.1943 15.52399665  8379
ENTRYSAT                
1 44431U 98067QR  19245.64056914  .00010984  00000-0  18464-3 0  9990
2 44431  51.6427 336.5608 0003607 348.8215  11.2694 15.52293054  9515
SOYUZ-MS 13             
1 44437U 19041A   19244.56006944  .00070108  00000-0  12058-2 0  9995
2 44437  51.6439 342.4273 0007744 352.8735 201.6312 15.50430834  6657
DRAGON CRS-18           
1 44446U 19044A   19239.71730418 -.00001792  00000-0 -19835-4 0  9996
2 44446  51.6451   6.4496 0012921 282.6291 225.0377 15.53827763  5097
PROGRESS-MS 12          
1 44455U 19047A   19244.56006944  .00070108  00000-0  12058-2 0  9991
2 44455  51.6439 342.4273 0007744 352.8735 201.6312 15.50430834  4969
SL-4 R/B                
1 44456U 19047B   19216.00636506  .31839060  12737-4  13947-3 0  9990
2 44456  51.6509 121.9082 0007228 170.9440 309.9675 16.56069092   573
