ISS (ZARYA)             
1 25544U 98067A   19254.53649670 -.00000308  00000-0  26787-5 0  9998
2 25544  51.6445 292.9770 0008190  29.2985  85.9835 15.50440339188656
ALTAIR PATHFINDER       
1 42711U 98067LS  19253.71777668  .00060237  00000-0  22586-3 0  9998
2 42711  51.6307 212.1381 0003958  97.7906 262.3548 15.87265443132405
NSIGHT                  
1 42726U 98067MF  19253.39590346  .00027754  00000-0  19151-3 0  9995
2 42726  51.6343 239.6926 0004993 116.8331 243.3179 15.74341981130994
KESTREL EYE IIM (KE2M)  
1 42982U 98067NE  19253.47435746  .00008126  00000-0  90698-4 0  9998
2 42982  51.6359 268.8361 0004724  92.4651 267.6884 15.63788892107022
ASTERIA                 
1 43020U 98067NH  19253.26788529  .00021518  00000-0  15446-3 0  9996
2 43020  51.6420 251.8633 0003175  78.5867 281.5489 15.73594551103000
DELLINGR (RBLE)         
1 43021U 98067NJ  19253.56305794  .00007146  00000-0  79209-4 0  9998
2 43021  51.6367 267.9765 0003018  63.1931 296.9373 15.64195981102817
1KUNS-PF                
1 43466U 98067NP  19253.24516450  .00022580  00000-0  19714-3 0  9992
2 43466  51.6350 269.5538 0002029  58.6469 301.4726 15.68865582 76026
UBAKUSAT                
1 43467U 98067NQ  19253.46172017  .00012772  00000-0  13616-3 0  9991
2 43467  51.6357 274.7641 0003083  38.4134 321.7080 15.64359752 75988
BATSU-CS1 (IRAZU)       
1 43468U 98067NR  19253.43655831  .00037965  00000-0  27578-3 0  9992
2 43468  51.6337 263.2802 0002409  59.1094 301.0141 15.72980935176113
CUBERRT                 
1 43546U 98067NU  19253.44547852  .00007685  00000-0  77907-4 0  9991
2 43546  51.6367 274.6545 0004593  88.2541 271.8981 15.66354110 66116
TEMPEST-D               
1 43547U 98067NV  19253.54527204  .00003096  00000-0  45975-4 0  9994
2 43547  51.6378 285.8348 0006070  77.4347 282.7325 15.58681592 65659
RAINCUBE                
1 43548U 98067NW  19253.46583585  .00012313  00000-0  13847-3 0  9994
2 43548  51.6355 280.0247 0005949  84.4980 275.6693 15.63015588 66174
HALOSAT                 
1 43549U 98067NX  19253.34573063  .00011643  00000-0  13168-3 0  9993
2 43549  51.6367 280.7419 0005755  86.9975 273.1677 15.62933621 65712
RADIX                   
1 43550U 98067NY  19253.46769912  .00031133  00000-0  26285-3 0  9998
2 43550  51.6330 271.7220 0004609  90.8531 269.2994 15.69479413 66308
ENDUROSAT ONE           
1 43551U 98067NZ  19253.46753999  .00016299  00000-0  16872-3 0  9994
2 43551  51.6359 277.0533 0006057  93.6001 266.5687 15.64857842 66184
EQUISAT                 
1 43552U 98067PA  19253.45822172  .00012148  00000-0  13544-3 0  9996
2 43552  51.6376 279.2748 0006448  93.5794 266.5939 15.63251344 66115
1998-067PB              
1 43553U 98067PB  19253.25477252  .00009409  00000-0  11263-3 0  9992
2 43553  51.6397 282.4574 0006681  92.3877 267.7882 15.61726922 66106
1998-067PC              
1 43554U 98067PC  19253.48459636  .00017221  00000-0  17516-3 0  9992
2 43554  51.6357 276.4158 0006131  92.7501 267.4196 15.65255079 65739
AEROCUBE 12A            
1 43556U 18046C   19253.71592642  .00000503  00000-0  30285-4 0  9998
2 43556  51.6441  13.5485 0008493  15.0080 345.1150 15.28897614 64415
AEROCUBE 12B            
1 43557U 18046D   19253.60627965  .00001510  00000-0  65866-4 0  9996
2 43557  51.6441  14.3114 0008469  13.9801 346.1412 15.28746991 64340
LEMUR-2-VU              
1 43558U 18046E   19253.79496187  .00002416  00000-0  95259-4 0  9992
2 43558  51.6433  11.8631 0007750  18.0953 342.0302 15.29630898 64436
LEMUR-2-ALEXANDER       
1 43559U 18046F   19253.52062455  .00001594  00000-0  66883-4 0  9998
2 43559  51.6434  13.0365 0007829  17.7798 342.3455 15.29731225 64175
LEMUR-2-YUASA           
1 43560U 18046G   19253.53888355  .00002629  00000-0  10270-3 0  9994
2 43560  51.6431  13.1460 0008082  30.4226 329.7222 15.29587351 64395
LEMUR-2-TOMHENDERSON    
1 43561U 18046H   19253.53764669  .00002406  00000-0  95161-4 0  9992
2 43561  51.6432  13.1395 0008057  30.6771 329.4679 15.29543704 63951
SIRIUSSAT-1             
1 43595U 98067PG  19254.04050712  .00011828  00000-0  13481-3 0  9996
2 43595  51.6349 278.5961 0004295  63.9743 296.1693 15.62720460 61024
SIRIUSSAT-2             
1 43596U 98067PH  19253.44004968  .00013692  00000-0  15616-3 0  9995
2 43596  51.6363 282.1298 0004748  62.8769 297.2709 15.62541080 60921
TANUSHA-3               
1 43597U 98067PJ  19253.53606404  .00017741  00000-0  18518-3 0  9992
2 43597  51.6343 278.9442 0004311  72.6500 287.4967 15.64582205 60970
1998-067PK              
1 43598U 98067PK  19253.45949477  .00019468  00000-0  20069-3 0  9996
2 43598  51.6352 279.2094 0004522  71.1563 288.9922 15.64823799 60967
1998-067PN              
1 43638U 98067PN  19253.48414747  .00006857  00000-0  93292-4 0  9998
2 43638  51.6371 287.6745 0003425  55.1171 305.0144 15.58849021 52773
1998-067PP              
1 43639U 98067PP  19253.49056802  .00010335  00000-0  12875-3 0  9997
2 43639  51.6379 285.4796 0005915  55.2748 304.8802 15.60548822 52812
STARS-ME                
1 43640U 98067PQ  19253.33415140  .00007481  00000-0  98495-4 0  9997
2 43640  51.6367 287.4147 0005984  52.0005 308.1528 15.59568673 52771
ISS DEB (SEDA-AP)       
1 43870U 98067PU  19254.35194603  .00002374  00000-0  40756-4 0  9996
2 43870  51.6413 288.2206 0005358  82.4378 277.7213 15.55758349 41012
CATSAT-2                
1 44029U 98067PV  19253.37130785  .00008695  00000-0  12159-3 0  9992
2 44029  51.6391 292.1923 0005166  95.5342 264.6239 15.57698204 34613
DELPHINI                
1 44030U 98067PW  19253.48554038  .00009790  00000-0  13523-3 0  9990
2 44030  51.6373 291.4345 0005058  92.0426 268.1145 15.57859988 34602
UNITE                   
1 44031U 98067PX  19253.38767294  .00006288  00000-0  93731-4 0  9999
2 44031  51.6387 293.0378 0003875  88.9897 271.1539 15.56520782 34576
TECHEDSAT 8             
1 44032U 98067PY  19253.46255569  .00028765  00000-0  31650-3 0  9991
2 44032  51.6367 287.5322 0004103  76.1775 283.9676 15.62905439 34634
CATSAT-1                
1 44033U 98067PZ  19253.37110548  .00010465  00000-0  14503-3 0  9995
2 44033  51.6391 292.1918 0005037  94.2893 265.8675 15.57682248 34524
SOYUZ-MS 12             
1 44069U 19013A   19253.57098446 -.00000201  00000-0  45219-5 0  9990
2 44069  51.6436 297.7646 0008082  25.0428  97.5840 15.50438723 27910
CYGNUS NG-11            
1 44188U 19022A   19253.61560110  .00000627  00000-0  33232-4 0  9991
2 44188  51.6392 302.7113 0013391  24.5524 335.6092 15.30477903 22550
ISS DEB                 
1 44303U 98067QA  19253.55896350  .00002979  00000-0  56154-4 0  9997
2 44303  51.6419 297.1982 0006334  11.0833 349.0296 15.52035807 16109
ISS DEB                 
1 44304U 98067QB  19253.38563185  .00010023  00000-0  16346-3 0  9993
2 44304  51.6413 297.5458 0006818 352.5079   7.5808 15.53245671 16094
ISS DEB                 
1 44305U 98067QC  19253.47950750  .00012124  00000-0  19156-3 0  9998
2 44305  51.6382 296.6410 0005958  38.8172 321.3246 15.53906166 16119
ISS DEB                 
1 44306U 98067QD  19253.37489134  .00002913  00000-0  55330-4 0  9991
2 44306  51.6410 298.2059 0007677   5.6016 354.5059 15.51900190 16083
NEPALISAT-1             
1 44329U 98067QE  19253.33730720  .00006541  00000-0  11085-3 0  9991
2 44329  51.6408 297.9602 0007826  36.1789 323.9730 15.52847699 13254
RAAVANA-1               
1 44330U 98067QF  19253.40374589  .00006533  00000-0  11087-3 0  9991
2 44330  51.6408 297.6536 0007804  35.1324 325.0179 15.52808699 13245
UGUISU                  
1 44331U 98067QG  19253.46410172  .00006626  00000-0  11204-3 0  9991
2 44331  51.6408 297.3075 0007860  37.8274 322.3268 15.52884227 13268
SPOOQY-1                
1 44332U 98067QH  19253.39777216  .00006396  00000-0  10832-3 0  9999
2 44332  51.6406 297.6129 0006626  39.7518 320.3956 15.52915228 13214
RED-EYE                 
1 44364U 98067QJ  19253.38371240  .00002454  00000-0  47994-4 0  9991
2 44364  51.6466 298.2532 0007158  11.3215 348.7933 15.51796851 11665
IOD-1 GEMS              
1 44385U 98067QK  19253.49171973  .00010267  00000-0  17093-3 0  9994
2 44385  51.6420 297.4988 0004232   6.8887 353.2161 15.52647057 10744
SWIATOWID               
1 44426U 98067QL  19253.43055549  .00009669  00000-0  16175-3 0  9998
2 44426  51.6419 297.8387 0004888   0.6980 359.4016 15.52587550 10746
KRAKSAT                 
1 44427U 98067QM  19254.49415475  .00004733  00000-0  84403-4 0  9991
2 44427  51.6433 292.6435 0004129   6.9047 133.7589 15.52135143 10948
VCC A                   
1 44428U 98067QN  19253.49321268  .00006098  00000-0  10546-3 0  9999
2 44428  51.6419 297.5078 0003854  18.3420 341.7708 15.52421948 10794
VCC B                   
1 44429U 98067QP  19253.42613261  .00007028  00000-0  11986-3 0  9993
2 44429  51.6417 297.8097 0003685  10.5561 349.5506 15.52542956 10783
VCC C                   
1 44430U 98067QQ  19253.42780861  .00008636  00000-0  14548-3 0  9999
2 44430  51.6420 297.8211 0003869  18.9983 341.1150 15.52553541  9605
ENTRYSAT                
1 44431U 98067QR  19253.43004639  .00006109  00000-0  10571-3 0  9998
2 44431  51.6417 297.8344 0003934  16.8440 343.2680 15.52401763 10721
SOYUZ-MS 13             
1 44437U 19041A   19253.57098446 -.00000201  00000-0  45219-5 0  9990
2 44437  51.6436 297.7646 0008082  25.0428  97.5840 15.50438723  8053
DRAGON CRS-18           
1 44446U 19044A   19239.71730418 -.00001792  00000-0 -19835-4 0  9996
2 44446  51.6451   6.4496 0012921 282.6291 225.0377 15.53827763  5097
PROGRESS-MS 12          
1 44455U 19047A   19253.57098446 -.00000201  00000-0  45219-5 0  9996
2 44455  51.6436 297.7646 0008082  25.0428  97.5840 15.50438723  6365
