ISS (ZARYA)             
1 25544U 98067A   19231.85268542 -.00001191  00000-0 -12604-4 0  9997
2 25544  51.6451  45.4218 0007269 301.0653 201.4274 15.50383396185131
ALTAIR PATHFINDER       
1 42711U 98067LS  19230.59155952  .00039617  00000-0  16866-3 0  9997
2 42711  51.6340 333.0062 0003611   1.8258 358.2758 15.84826882128739
NSIGHT                  
1 42726U 98067MF  19231.55253706  .00016611  00000-0  12148-3 0  9994
2 42726  51.6368 351.8309 0004564  44.7676 315.3691 15.73361550127558
KESTREL EYE IIM (KE2M)  
1 42982U 98067NE  19231.68043488  .00005685  00000-0  65992-4 0  9991
2 42982  51.6382  19.0368 0004168  21.4619 338.6550 15.63467707103618
ASTERIA                 
1 43020U 98067NH  19231.60534234  .00019695  00000-0  14775-3 0  9999
2 43020  51.6445   2.9403 0002369   8.3652 351.7386 15.72620684 99594
DELLINGR (RBLE)         
1 43021U 98067NJ  19231.64698714  .00005916  00000-0  67407-4 0  9990
2 43021  51.6392  18.8593 0002082 350.1141   9.9813 15.63862760 99382
1KUNS-PF                
1 43466U 98067NP  19231.70876328  .00015689  00000-0  14362-3 0  9998
2 43466  51.6377  19.2292 0000752   0.7508 359.3490 15.67988025 72646
UBAKUSAT                
1 43467U 98067NQ  19231.67438963  .00008625  00000-0  95650-4 0  9996
2 43467  51.6381  25.0092 0001922 312.7814  47.3019 15.63859098 72577
BATSU-CS1 (IRAZU)       
1 43468U 98067NR  19230.68131826  .00025837  00000-0  20084-3 0  9997
2 43468  51.6363  19.8264 0000836 346.1145  13.9830 15.71587193172531
CUBERRT                 
1 43546U 98067NU  19230.73014360  .00005577  00000-0  58773-4 0  9999
2 43546  51.6387  29.9519 0004106  14.5956 345.5158 15.66025396 62552
TEMPEST-D               
1 43547U 98067NV  19230.71919037  .00002540  00000-0  39172-4 0  9992
2 43547  51.6396  40.3878 0005471 359.7980   0.3009 15.58479481 62094
RAINCUBE                
1 43548U 98067NW  19230.70029723  .00009154  00000-0  10666-3 0  9990
2 43548  51.6374  34.9869 0005173   9.0167 351.0919 15.62482270 62610
HALOSAT                 
1 43549U 98067NX  19231.66629788  .00008795  00000-0  10299-3 0  9996
2 43549  51.6384  30.2049 0005126  16.8550 343.2613 15.62410267 62320
RADIX                   
1 43550U 98067NY  19231.68292527  .00020021  00000-0  17922-3 0  9993
2 43550  51.6357  22.7442 0003775  27.6349 332.4848 15.68334770 62880
ENDUROSAT ONE           
1 43551U 98067NZ  19231.49442228  .00010777  00000-0  11645-3 0  9991
2 43551  51.6380  28.3079 0005470  22.0646 338.0583 15.64209383 62748
EQUISAT                 
1 43552U 98067PA  19230.69616728  .00009160  00000-0  10572-3 0  9993
2 43552  51.6391  34.2554 0005820  17.9211 342.1987 15.62725055 62555
1998-067PB              
1 43553U 98067PB  19230.72741263  .00007012  00000-0  86838-4 0  9994
2 43553  51.6410  36.0006 0006083  16.7627 343.3567 15.61319175 62581
1998-067PC              
1 43554U 98067PC  19231.45292848  .00011738  00000-0  12454-3 0  9998
2 43554  51.6378  28.0293 0005518  20.9609 339.1611 15.64570887 62285
AEROCUBE 12A            
1 43556U 18046C   19230.90325503  .00001110  00000-0  51621-4 0  9996
2 43556  51.6428 123.0037 0007898 291.0910  68.9225 15.28835171 60921
AEROCUBE 12B            
1 43557U 18046D   19230.92214136  .00000744  00000-0  38915-4 0  9991
2 43557  51.6424 123.1255 0007845 290.8534  69.1605 15.28686786 60877
LEMUR-2-VU              
1 43558U 18046E   19230.92766128  .00000980  00000-0  46142-4 0  9998
2 43558  51.6425 121.7013 0007168 295.2796  64.7441 15.29541059 60932
LEMUR-2-ALEXANDER       
1 43559U 18046F   19231.70013443  .00001865  00000-0  76339-4 0  9995
2 43559  51.6425 117.8625 0007220 297.8537  62.1711 15.29642589 60839
LEMUR-2-YUASA           
1 43560U 18046G   19230.86698985  .00000677  00000-0  35772-4 0  9999
2 43560  51.6428 122.0388 0007645 309.8520  50.1787 15.29501430 60924
LEMUR-2-TOMHENDERSON    
1 43561U 18046H   19230.93048202  .00000499  00000-0  29667-4 0  9997
2 43561  51.6426 121.7143 0007596 310.2503  49.7813 15.29462975 60496
SIRIUSSAT-1             
1 43595U 98067PG  19231.71830138  .00009445  00000-0  11119-3 0  9991
2 43595  51.6368  31.2698 0003126 349.7832  10.3098 15.62170297 57535
SIRIUSSAT-2             
1 43596U 98067PH  19231.81899872  .00009022  00000-0  10715-3 0  9995
2 43596  51.6380  31.2338 0003718 349.8161  10.2757 15.62005380 57546
TANUSHA-3               
1 43597U 98067PJ  19231.81405380  .00012013  00000-0  13091-3 0  9997
2 43597  51.6362  28.8791 0003317   4.6033 355.4991 15.63864526 57574
1998-067PK              
1 43598U 98067PK  19230.91003969  .00012416  00000-0  13411-3 0  9998
2 43598  51.6369  33.3664 0003417 358.6170   1.4814 15.64054036 57432
1998-067PN              
1 43638U 98067PN  19231.68543776  .00004791  00000-0  67867-4 0  9995
2 43638  51.6390  37.0892 0002419 340.4839  19.6060 15.58554027 49373
1998-067PP              
1 43639U 98067PP  19230.88193670  .00006755  00000-0  87775-4 0  9993
2 43639  51.6391  39.2337 0004804 334.9467  25.1293 15.60114212 49289
STARS-ME                
1 43640U 98067PQ  19230.71201575  .00005864  00000-0  79620-4 0  9991
2 43640  51.6376  41.0820 0004903 330.1479  29.9234 15.59222729 49247
ISS DEB (SEDA-AP)       
1 43870U 98067PU  19231.74030401  .00001591  00000-0  29738-4 0  9996
2 43870  51.6413  41.2100 0004065   7.0973 353.0086 15.55627283 37495
CATSAT-2                
1 44029U 98067PV  19230.78526722  .00007700  00000-0  11030-3 0  9995
2 44029  51.6399  45.3450 0004876  23.1046 337.0164 15.57238205 31091
DELPHINI                
1 44030U 98067PW  19231.73613265  .00007472  00000-0  10647-3 0  9991
2 44030  51.6387  40.4292 0004529  23.9447 336.1755 15.57432502 31214
UNITE                   
1 44031U 98067PX  19230.78587561  .00004548  00000-0  70416-4 0  9997
2 44031  51.6395  46.0874 0003299  20.2004 339.9118 15.56235389 31053
TECHEDSAT 8             
1 44032U 98067PY  19230.88236803  .00018573  00000-0  21607-3 0  9999
2 44032  51.6380  41.4780 0002983  17.2589 342.8505 15.61756889 31104
CATSAT-1                
1 44033U 98067PZ  19231.68345007  .00006951  00000-0  10012-3 0  9991
2 44033  51.6400  40.8442 0004790  27.2366 332.8876 15.57267442 31149
SOYUZ-MS 12             
1 44069U 19013A   19230.54691566  .00000383  00000-0  14594-4 0  9995
2 44069  51.6440  51.8920 0007268 299.0527 110.6286 15.50384609184937
CYGNUS NG-11            
1 44188U 19022A   19231.87146901 -.00000046  00000-0  10771-4 0  9992
2 44188  51.6412  47.3071 0012627 305.9268  54.0540 15.30441255 19221
ISS DEB                 
1 44303U 98067QA  19231.53675150  .00002288  00000-0  45136-4 0  9995
2 44303  51.6426  46.6146 0005480 284.5608  75.4774 15.51881305 12685
ISS DEB                 
1 44304U 98067QB  19230.86359576  .00006494  00000-0  11028-3 0  9997
2 44304  51.6418  49.6235 0005969 260.5544  99.4771 15.52807520 12595
ISS DEB                 
1 44305U 98067QC  19230.90216407  .00008036  00000-0  13189-3 0  9992
2 44305  51.6389  49.1057 0004645 316.7488  43.3137 15.53396394 12600
ISS DEB                 
1 44306U 98067QD  19230.89997605  .00002015  00000-0  40854-4 0  9998
2 44306  51.6414  49.8524 0006877 278.1049  81.9161 15.51745814 12595
NEPALISAT-1             
1 44329U 98067QE  19231.77615790  .00004486  00000-0  79186-4 0  9997
2 44329  51.6416  45.2078 0006802 316.6775  43.3679 15.52566217  9904
RAAVANA-1               
1 44330U 98067QF  19230.87652839  .00004195  00000-0  74669-4 0  9992
2 44330  51.6413  49.6992 0006732 311.6133  48.4279 15.52517789  9745
UGUISU                  
1 44331U 98067QG  19230.87360857  .00004211  00000-0  74735-4 0  9992
2 44331  51.6414  49.6804 0006791 314.3722  45.6711 15.52591753  9752
SPOOQY-1                
1 44332U 98067QH  19230.87213307  .00004182  00000-0  74189-4 0  9990
2 44332  51.6412  49.6691 0005549 317.1847  42.8711 15.52627097  9710
RED-EYE                 
1 44364U 98067QJ  19230.90721269  .00001581  00000-0  33851-4 0  9991
2 44364  51.6444  49.8956 0006799 277.2211  82.8006 15.51633601  8172
IOD-1 GEMS              
1 44385U 98067QK  19230.89624692  .00005458  00000-0  96036-4 0  9995
2 44385  51.6423  49.8351 0003111 270.4719  89.5914 15.52167062  7236
SWIATOWID               
1 44426U 98067QL  19230.89895211  .00006782  00000-0  11755-3 0  9993
2 44426  51.6422  49.8526 0003907 267.3085  92.7458 15.52147179  7246
KRAKSAT                 
1 44427U 98067QM  19231.89404090  .00003312  00000-0  61857-4 0  9991
2 44427  51.6445  44.9405 0003367 265.9869 239.2512 15.51896509  7435
VCC A                   
1 44428U 98067QN  19230.76727173  .00004573  00000-0  81795-4 0  9990
2 44428  51.6427  50.4734 0002805 284.9309  75.1370 15.52134076  7264
VCC B                   
1 44429U 98067QP  19231.73170888  .00005117  00000-0  90337-4 0  9991
2 44429  51.6425  45.6650 0002698 279.7127  80.3558 15.52220802  7412
VCC C                   
1 44430U 98067QQ  19230.76730174  .00006530  00000-0  11343-3 0  9994
2 44430  51.6426  50.4738 0002800 287.2702  72.7981 15.52158397  6080
ENTRYSAT                
1 44431U 98067QR  19231.73393249  .00004530  00000-0  81154-4 0  9997
2 44431  51.6428  45.6796 0002979 289.3966  70.6702 15.52117260  7358
SOYUZ-MS 13             
1 44437U 19041A   19230.54691566  .00000383  00000-0  14594-4 0  9995
2 44437  51.6440  51.8920 0007268 299.0527 110.6286 15.50384609184936
DRAGON CRS-18           
1 44446U 19044A   19230.54691566  .00000383  00000-0  14594-4 0  9998
2 44446  51.6440  51.8920 0007268 299.0527 110.6286 15.50384609184936
DRAGON CRS-18 DEB       
1 44447U 19044B   19214.25246908  .12456336  12273-4  14390-2 0  9992
2 44447  51.6262 129.8077 0018564  89.2912 271.2006 16.35323463  1180
DRAGON CRS-18 DEB       
1 44448U 19044C   19214.94551617  .16700188  12453-4  45140-3 0  9994
2 44448  51.6395 126.1250 0018701  98.8567 318.3032 16.43675190  1296
PROGRESS-MS 12          
1 44455U 19047A   19230.54691566  .00000383  00000-0  14594-4 0  9991
2 44455  51.6440  51.8920 0007268 299.0527 110.6286 15.50384609184936
SL-4 R/B                
1 44456U 19047B   19216.00636506  .31839060  12737-4  13947-3 0  9990
2 44456  51.6509 121.9082 0007228 170.9440 309.9675 16.56069092   573
