ISS (ZARYA)             
1 25544U 98067A   19198.40422008  .00000150  00000-0  10398-4 0  9999
2 25544  51.6429 211.3536 0007069 148.7846 315.4440 15.50981496179949
TIANGONG-2              
1 41765U 16057A   19198.15481034  .00002432  00000-0  31554-4 0  9999
2 41765  42.7820 147.9186 0006340 113.1386 194.7816 15.61909850161727
BANXING-2               
1 41834U 16057H   19193.92205354  .01182302  90040-5  20908-3 0  9999
2 41834  42.7855  20.7048 0009640 327.7416  32.2879 16.31570071156827
ALTAIR PATHFINDER       
1 42711U 98067LS  19198.09245007  .00033348  00000-0  15918-3 0  9998
2 42711  51.6334 142.2860 0000381 219.7136 140.3839 15.82492524123582
NJUST-1                 
1 42722U 98067MB  19198.18315639  .00915580  11914-4  37413-3 0  9990
2 42722  51.6381 114.2979 0006741 207.3528 298.2159 16.22568715123028
NSIGHT                  
1 42726U 98067MF  19198.13085938  .00016081  00000-0  12348-3 0  9993
2 42726  51.6346 163.1489 0003573 296.3085  63.7546 15.72237305122293
KESTREL EYE IIM (KE2M)  
1 42982U 98067NE  19198.05531688  .00004516  00000-0  54402-4 0  9994
2 42982  51.6356 188.9747 0003290 250.9934 109.0704 15.63080252 98351
ASTERIA                 
1 43020U 98067NH  19198.16655784  .00009968  00000-0  81080-4 0  9992
2 43020  51.6412 174.1158 0000899 223.6852 136.4075 15.71403249 94332
DELLINGR (RBLE)         
1 43021U 98067NJ  19198.15797249  .00005094  00000-0  59766-4 0  9997
2 43021  51.6365 188.2028 0001560 199.0606 161.0331 15.63449985 94147
1KUNS-PF                
1 43466U 98067NP  19198.04612368  .00014232  00000-0  13622-3 0  9990
2 43466  51.6348 190.4231 0000493  31.8175 328.2851 15.66972334 67360
UBAKUSAT                
1 43467U 98067NQ  19197.48017487  .00007928  00000-0  90434-4 0  9990
2 43467  51.6351 197.8970 0001808 157.1690 202.9385 15.63263140 67221
BATSU-CS1 (IRAZU)       
1 43468U 98067NR  19197.40866135  .00022594  00000-0  18740-3 0  9990
2 43468  51.6339 189.8855 0000951  25.1976 334.9068 15.70114596167302
CUBERRT                 
1 43546U 98067NU  19197.86177261  .00007824  00000-0  81787-4 0  9993
2 43546  51.6362 196.6939 0003435 247.0017 113.0616 15.65542602 57406
TEMPEST-D               
1 43547U 98067NV  19198.14156114  .00002111  00000-0  34000-4 0  9990
2 43547  51.6370 203.8153 0005079 230.2185 129.8360 15.58193382 57018
RAINCUBE                
1 43548U 98067NW  19198.01138755  .00008077  00000-0  96919-4 0  9992
2 43548  51.6347 199.9287 0004514 244.7737 115.2789 15.61907900 57503
HALOSAT                 
1 43549U 98067NX  19198.14409346  .00004756  00000-0  59720-4 0  9993
2 43549  51.6359 199.3282 0004581 248.3789 111.6717 15.61838422 57083
RADIX                   
1 43550U 98067NY  19197.51459771  .00018664  00000-0  17641-3 0  9990
2 43550  51.6330 196.5688 0003097 277.8338  82.2306 15.67043347 57527
ENDUROSAT ONE           
1 43551U 98067NZ  19197.43399825  .00010982  00000-0  12202-3 0  9998
2 43551  51.6354 200.5887 0004720 256.6750 103.3719 15.63468627 57417
EQUISAT                 
1 43552U 98067PA  19197.43664455  .00008636  00000-0  10228-3 0  9992
2 43552  51.6368 202.1297 0005137 253.2322 106.8109 15.62142508 57357
1998-067PB              
1 43553U 98067PB  19197.43932396  .00006442  00000-0  81673-4 0  9991
2 43553  51.6386 203.6770 0005443 249.7828 110.2580 15.60864546 57387
1998-067PC              
1 43554U 98067PC  19197.39991873  .00011265  00000-0  12346-3 0  9991
2 43554  51.6353 200.3602 0004804 255.7896 104.2565 15.63790437 56950
AEROCUBE 12A            
1 43556U 18046C   19197.63075359  .00000881  00000-0  43667-4 0  9994
2 43556  51.6430 282.6296 0008556 167.2217 192.8981 15.28774037 55832
AEROCUBE 12B            
1 43557U 18046D   19197.45051373  .00001267  00000-0  57493-4 0  9996
2 43557  51.6426 283.6724 0008681 166.8755 193.2452 15.28635663 55756
LEMUR-2-VU              
1 43558U 18046E   19197.60483362  .00000965  00000-0  45761-4 0  9990
2 43558  51.6426 281.7363 0008012 169.0931 191.0224 15.29443691 55835
LEMUR-2-ALEXANDER       
1 43559U 18046F   19197.59541738  .00001296  00000-0  57009-4 0  9997
2 43559  51.6425 281.6771 0008091 169.3606 190.7547 15.29537515 55615
LEMUR-2-YUASA           
1 43560U 18046G   19197.60875346  .00000784  00000-0  39551-4 0  9999
2 43560  51.6426 281.7554 0008265 182.7811 177.3124 15.29417704 55831
LEMUR-2-TOMHENDERSON    
1 43561U 18046H   19197.60611874  .00000549  00000-0  31464-4 0  9998
2 43561  51.6426 281.7396 0008229 182.8402 177.2533 15.29380036 55394
SIRIUSSAT-1             
1 43595U 98067PG  19197.93463886  .00008511  00000-0  10321-3 0  9995
2 43595  51.6343 201.6522 0002530 214.3557 145.7274 15.61546693 52255
SIRIUSSAT-2             
1 43596U 98067PH  19197.90387610  .00008192  00000-0  10017-3 0  9990
2 43596  51.6355 202.2337 0003068 215.1707 144.9085 15.61388560 52240
TANUSHA-3               
1 43597U 98067PJ  19197.87301971  .00011298  00000-0  12746-3 0  9995
2 43597  51.6336 200.4634 0002441 237.3254 122.7505 15.63043234 52268
1998-067PK              
1 43598U 98067PK  19197.93175231  .00011690  00000-0  13072-3 0  9990
2 43598  51.6345 200.1274 0002587 234.8616 125.2136 15.63231725 52274
1998-067PN              
1 43638U 98067PN  19197.89067514  .00004517  00000-0  65157-4 0  9996
2 43638  51.6361 206.6401 0002194 194.2897 165.8033 15.58213343 44114
1998-067PP              
1 43639U 98067PP  19197.88835286  .00006366  00000-0  84537-4 0  9992
2 43639  51.6369 205.1322 0004493 203.0221 157.0571 15.59646072 44135
STARS-ME                
1 43640U 98067PQ  19197.89279467  .00005228  00000-0  72700-4 0  9993
2 43640  51.6354 205.9005 0004745 198.4813 161.6008 15.58840805 44125
ISS DEB (SEDA-AP)       
1 43870U 98067PU  19197.49864658  .00001521  00000-0  28879-4 0  9996
2 43870  51.6409 212.2715 0003804 218.4297 141.6421 15.55480831 32168
CATSAT-2                
1 44029U 98067PV  19197.85902485  .00004417  00000-0  67234-4 0  9999
2 44029  51.6380 210.1919 0004374 256.2549 103.7956 15.56794136 25968
DELPHINI                
1 44030U 98067PW  19198.10789265  .00006738  00000-0  98404-4 0  9990
2 44030  51.6365 208.8414 0003892 257.1723 102.8834 15.56948458 25979
UNITE                   
1 44031U 98067PX  19197.90439395  .00004008  00000-0  63564-4 0  9991
2 44031  51.6374 210.4853 0002673 250.4739 109.5964 15.55928628 25935
TECHEDSAT 8             
1 44032U 98067PY  19197.46715922  .00017285  00000-0  21100-3 0  9996
2 44032  51.6360 209.8144 0002594 268.1858  91.8838 15.60556050 25885
CATSAT-1                
1 44033U 98067PZ  19197.85892839  .00004591  00000-0  69616-4 0  9994
2 44033  51.6380 210.1916 0004189 256.0787 103.9739 15.56792484 25871
SOYUZ-MS 12             
1 44069U 19013A   19197.37901192 -.00000151  00000-0  53147-5 0  9999
2 44069  51.6431 216.4394 0006962 145.0711 351.0890 15.50979565179786
PROGRESS-MS 11          
1 44110U 19019A   19197.37901192 -.00000151  00000-0  53147-5 0  9992
2 44110  51.6431 216.4394 0006962 145.0711 351.0890 15.50979565179783
CYGNUS NG-11            
1 44188U 19022A   19197.37901192 -.00000151  00000-0  53147-5 0  9991
2 44188  51.6431 216.4394 0006962 145.0711 351.0890 15.50979565179788
ISS DEB                 
1 44303U 98067QA  19197.53414319  .00001946  00000-0  39764-4 0  9994
2 44303  51.6406 215.5192 0006212 153.2874 206.8437 15.51717319  7405
ISS DEB                 
1 44304U 98067QB  19197.52157599  .00006739  00000-0  11602-3 0  9993
2 44304  51.6398 215.4396 0006524 133.6535 226.4997 15.52347183  7412
ISS DEB                 
1 44305U 98067QC  19196.54227461  .00006841  00000-0  11563-3 0  9991
2 44305  51.6371 220.1345 0004693 182.7298 177.3667 15.52844146  7269
ISS DEB                 
1 44306U 98067QD  19197.53848927  .00002061  00000-0  41848-4 0  9998
2 44306  51.6394 215.5430 0007621 150.4083 209.7340 15.51581683  7414
NEPALISAT-1             
1 44329U 98067QE  19197.91559261  .00003962  00000-0  71603-4 0  9998
2 44329  51.6394 213.5631 0006952 184.9147 175.1776 15.52249971  4642
RAAVANA-1               
1 44330U 98067QF  19198.10943599  .00004041  00000-0  72966-4 0  9995
2 44330  51.6393 212.6076 0006949 184.2201 175.8731 15.52214302  4655
UGUISU                  
1 44331U 98067QG  19197.91491853  .00004024  00000-0  72517-4 0  9998
2 44331  51.6395 213.5590 0006955 186.3179 173.7724 15.52284850  4635
SPOOQY-1                
1 44332U 98067QH  19198.10734451  .00004086  00000-0  73428-4 0  9995
2 44332  51.6392 212.5932 0005714 188.4974 171.5920 15.52323553  4627
RED-EYE                 
1 44364U 98067QJ  19197.54327712  .00001114  00000-0  26292-4 0  9991
2 44364  51.6422 215.5716 0008558 152.1117 208.0329 15.51476882  2995
IOD-1 GEMS              
1 44385U 98067QK  19197.92806226  .00006275  00000-0  11065-3 0  9992
2 44385  51.6403 213.6474 0003732 142.1445 217.9808 15.51807391  2117
1998-067QL              
1 44426U 98067QL  19195.28855209  .00026459  00000-0  44182-3 0  9992
2 44426  51.6488 226.7852 0005974 114.1471 246.1408 15.51734811  1710
1998-067QM              
1 44427U 98067QM  19197.28508498  .00002570  00000-0  50169-4 0  9991
2 44427  51.6425 216.8456 0004719 137.3870 222.7511 15.51634035  2069
1998-067QN              
1 44428U 98067QN  19198.12086204  .00003936  00000-0  72211-4 0  9991
2 44428  51.6404 212.6848 0003291 155.3639 204.7508 15.51833334  2196
1998-067QP              
1 44429U 98067QP  19197.28355625  .00004524  00000-0  81783-4 0  9992
2 44429  51.6406 216.8429 0003223 143.4868 216.6342 15.51856573  2061
1998-067QQ              
1 44430U 98067QQ  19198.12083837  .00003760  00000-0  69330-4 0  9996
2 44430  51.6404 212.6848 0003275 155.4975 204.6171 15.51832306  1018
1998-067QR              
1 44431U 98067QR  19198.12114369  .00004123  00000-0  75365-4 0  9991
2 44431  51.6404 212.6866 0003471 154.8927 205.2232 15.51802849  2135
